list_zoom:
 [0.0, 1.0, 2.0, 3.0, 4.0, 5.0, 6.0, 7.0, 8.0, 9.0, 10.0, 11.0, 12.0, 13.0, 14.0, 15.0, 16.0, 17.0, 18.0, 19.0, 20.0, 21.0, 22.0, 23.0, 24.0, 25.0, 26.0, 27.0, 28.0, 29.0, 30.0, 31.0, 32.0, 33.0, 34.0, 35.0, 36.0, 37.0, 38.0, 39.0, 40.0, 41.0, 42.0, 43.0, 44.0, 45.0, 46.0, 47.0, 48.0, 49.0, 50.0, 51.0, 52.0, 53.0, 54.0, 55.0, 56.0, 57.0, 58.0, 59.0, 60.0, 61.0, 62.0, 63.0, 64.0, 65.0, 66.0, 67.0, 68.0, 69.0, 70.0, 71.0, 72.0, 73.0, 74.0, 75.0, 76.0, 77.0, 78.0, 79.0, 80.0, 81.0, 82.0, 83.0, 84.0, 85.0, 86.0, 87.0, 88.0, 89.0, 90.0, 91.0, 92.0, 93.0, 94.0, 95.0, 96.0, 97.0, 98.0, 99.0, 100.0, 101.0, 102.0, 103.0, 104.0, 105.0, 106.0, 107.0, 108.0, 109.0, 110.0, 111.0, 112.0, 113.0, 114.0, 115.0, 116.0, 117.0, 118.0, 119.0, 120.0, 121.0, 122.0, 123.0, 124.0, 125.0, 126.0, 128.0]

list_delta_xpixel:
 [14.84613, 15.96051, 20.063477, 23.98114, 26.616455, 30.526001, 34.24933, 37.886597, 41.579773, 45.32837, 47.893494, 51.6167, 55.596375, 59.138733, 62.964417, 66.62067, 69.0014, 72.94531, 76.6264, 80.42212, 84.20203, 87.91791, 90.48273, 94.284424, 98.09143, 101.72339, 105.28308, 109.18683, 111.602356, 115.461, 119.227844, 122.994446, 126.9447, 130.7384, 132.97882, 136.82263, 140.28418, 143.96545, 147.77667, 151.30878, 153.69983, 157.10455, 160.43396, 164.46277, 167.90222, 171.3617, 173.68286, 176.95166, 180.25226, 183.4566, 187.1012, 190.24481, 193.65637, 195.05023, 198.30035, 201.51654, 205.12885, 207.56757, 209.95337, 212.38708, 216.05725, 218.79602, 220.74774, 223.3501, 225.53577, 227.95984, 230.6502, 232.7575, 235.21973, 237.07263, 239.8219, 240.49701, 243.8844, 246.13763, 248.1654, 249.6767, 252.49829, 253.41492, 255.56714, 258.50256, 259.25433, 267.59113, 263.00598, 264.79657, 265.86755, 267.0102, 269.61566, 270.56195, 274.68506, 272.79675, 275.5299, 278.99286, 280.12946, 280.32343, 281.3291, 281.20947, 283.18298, 286.90967, 285.91748, 287.50885, 287.68042, 288.9168, 288.51416, 290.19586, 290.13055, 291.73785, 291.9759, 292.0891, 292.01086, 294.10065, 293.40643, 293.71973, 294.9585, 295.7807, 295.34467, 295.5196, 295.34882, 297.12653, 296.80988, 297.0901, 297.05634, 298.42926, 298.48517, 298.2553, 298.5047, 298.35223, 300.0907, 303.55658]

list_delta_ypixel:
 [16.051575, 16.828308, 20.9953, 25.002136, 27.71997, 31.847595, 35.668457, 39.58307, 43.496887, 47.24597, 49.90399, 53.827637, 57.450867, 61.66107, 65.37335, 69.31885, 71.976746, 75.90314, 79.9715, 83.64099, 87.6781, 91.52368, 94.12561, 98.008606, 101.75885, 105.76581, 109.47565, 113.46472, 116.098206, 120.10504, 123.99841, 127.817444, 131.83258, 135.91998, 138.52301, 141.98328, 145.70142, 149.75024, 153.64594, 157.35718, 159.6997, 163.41815, 166.93842, 171.04315, 175.38483, 178.2757, 180.81091, 184.29565, 188.2066, 190.97571, 194.12653, 197.84216, 198.99316, 203.19946, 206.4591, 209.45117, 211.56543, 215.80817, 218.04523, 220.81897, 222.58899, 226.82422, 229.23633, 231.78668, 234.89423, 236.71832, 239.65656, 241.87915, 244.38434, 246.58624, 249.12274, 250.62408, 253.20319, 256.02704, 257.73053, 259.35822, 262.6383, 263.7146, 265.56702, 267.60077, 271.14307, 271.5608, 273.24762, 274.30695, 277.82483, 277.5097, 280.188, 281.33044, 282.3001, 284.04718, 285.22565, 286.28015, 287.29938, 290.8471, 291.6432, 292.2434, 293.66064, 294.79425, 296.732, 298.57794, 298.69153, 299.6023, 299.6366, 301.4171, 301.54108, 303.154, 303.1178, 303.32123, 303.36902, 304.02386, 305.03345, 304.9065, 306.9195, 306.71423, 306.7379, 306.492, 306.58527, 309.80682, 307.66498, 308.3109, 308.39105, 306.8031, 309.76843, 310.1277, 309.62305, 310.17743, 311.58344, 314.7433]

list_delta_pan:
 [0.40000000000000036, 0.40000000000000036, 0.40000000000000036, 0.40000000000000036, 0.40000000000000036, 0.40000000000000036, 0.40000000000000036, 0.40000000000000036, 0.40000000000000036, 0.40000000000000036, 0.40000000000000036, 0.40000000000000036, 0.40000000000000036, 0.40000000000000036, 0.40000000000000036, 0.40000000000000036, 0.40000000000000036, 0.40000000000000036, 0.40000000000000036, 0.40000000000000036, 0.40000000000000036, 0.40000000000000036, 0.40000000000000036, 0.40000000000000036, 0.40000000000000036, 0.40000000000000036, 0.40000000000000036, 0.40000000000000036, 0.40000000000000036, 0.40000000000000036, 0.40000000000000036, 0.40000000000000036, 0.40000000000000036, 0.40000000000000036, 0.40000000000000036, 0.40000000000000036, 0.40000000000000036, 0.40000000000000036, 0.40000000000000036, 0.40000000000000036, 0.40000000000000036, 0.40000000000000036, 0.40000000000000036, 0.40000000000000036, 0.40000000000000036, 0.40000000000000036, 0.40000000000000036, 0.40000000000000036, 0.40000000000000036, 0.40000000000000036, 0.40000000000000036, 0.40000000000000036, 0.40000000000000036, 0.40000000000000036, 0.40000000000000036, 0.40000000000000036, 0.40000000000000036, 0.40000000000000036, 0.40000000000000036, 0.40000000000000036, 0.40000000000000036, 0.40000000000000036, 0.40000000000000036, 0.40000000000000036, 0.40000000000000036, 0.40000000000000036, 0.40000000000000036, 0.40000000000000036, 0.40000000000000036, 0.40000000000000036, 0.40000000000000036, 0.40000000000000036, 0.40000000000000036, 0.40000000000000036, 0.40000000000000036, 0.40000000000000036, 0.40000000000000036, 0.40000000000000036, 0.40000000000000036, 0.40000000000000036, 0.40000000000000036, 0.40000000000000036, 0.40000000000000036, 0.40000000000000036, 0.40000000000000036, 0.40000000000000036, 0.40000000000000036, 0.40000000000000036, 0.40000000000000036, 0.40000000000000036, 0.40000000000000036, 0.40000000000000036, 0.40000000000000036, 0.40000000000000036, 0.40000000000000036, 0.40000000000000036, 0.40000000000000036, 0.40000000000000036, 0.40000000000000036, 0.40000000000000036, 0.40000000000000036, 0.40000000000000036, 0.40000000000000036, 0.40000000000000036, 0.40000000000000036, 0.40000000000000036, 0.40000000000000036, 0.40000000000000036, 0.40000000000000036, 0.40000000000000036, 0.40000000000000036, 0.40000000000000036, 0.40000000000000036, 0.40000000000000036, 0.40000000000000036, 0.40000000000000036, 0.40000000000000036, 0.40000000000000036, 0.40000000000000036, 0.40000000000000036, 0.40000000000000036, 0.40000000000000036, 0.40000000000000036, 0.40000000000000036, 0.40000000000000036, 0.40000000000000036, 0.40000000000000036, 0.40000000000000036]

list_delta_tilt:
 [0.5, 0.5, 0.5, 0.5, 0.5, 0.5, 0.5, 0.5, 0.5, 0.5, 0.5, 0.5, 0.5, 0.5, 0.5, 0.5, 0.5, 0.5, 0.5, 0.5, 0.5, 0.5, 0.5, 0.5, 0.5, 0.5, 0.5, 0.5, 0.5, 0.5, 0.5, 0.5, 0.5, 0.5, 0.5, 0.5, 0.5, 0.5, 0.5, 0.5, 0.5, 0.5, 0.5, 0.5, 0.5, 0.5, 0.5, 0.5, 0.5, 0.5, 0.5, 0.5, 0.5, 0.5, 0.5, 0.5, 0.5, 0.5, 0.5, 0.5, 0.5, 0.5, 0.5, 0.5, 0.5, 0.5, 0.5, 0.5, 0.5, 0.5, 0.5, 0.5, 0.5, 0.5, 0.5, 0.5, 0.5, 0.5, 0.5, 0.5, 0.5, 0.5, 0.5, 0.5, 0.5, 0.5, 0.5, 0.5, 0.5, 0.5, 0.5, 0.5, 0.5, 0.5, 0.5, 0.5, 0.5, 0.5, 0.5, 0.5, 0.5, 0.5, 0.5, 0.5, 0.5, 0.5, 0.5, 0.5, 0.5, 0.5, 0.5, 0.5, 0.5, 0.5, 0.5, 0.5, 0.5, 0.5, 0.5, 0.5, 0.5, 0.5, 0.5, 0.5, 0.5, 0.5, 0.5, 0.5]
No handles with labels found to put in legend.
arr_x: [0.02694305 0.02506186 0.01993672 0.01667977 0.0150283  0.01310358
 0.01167906 0.01055782 0.00962006 0.0088245  0.00835187 0.00774943
 0.00719471 0.00676376 0.00635279 0.00600414 0.00579698 0.00548356
 0.00522013 0.00497376 0.00475048 0.0045497  0.00442073 0.00424248
 0.00407783 0.00393223 0.00379928 0.00366345 0.00358415 0.00346437
 0.00335492 0.00325218 0.00315098 0.00305954 0.003008   0.00292349
 0.00285136 0.00277844 0.00270679 0.0026436  0.00260248 0.00254608
 0.00249324 0.00243216 0.00238234 0.00233424 0.00230305 0.0022605
 0.00221911 0.00218035 0.00213788 0.00210255 0.00206551 0.00205075
 0.00201714 0.00198495 0.00194999 0.00192708 0.00190518 0.00188335
 0.00185136 0.00182819 0.00181202 0.00179091 0.00177355 0.0017547
 0.00173423 0.00171853 0.00170054 0.00168725 0.0016679  0.00166322
 0.00164012 0.00162511 0.00161183 0.00160207 0.00158417 0.00157844
 0.00156515 0.00154737 0.00154289 0.00149482 0.00152088 0.00151059
 0.00150451 0.00149807 0.00148359 0.0014784  0.00145621 0.00146629
 0.00145175 0.00143373 0.00142791 0.00142692 0.00142182 0.00142243
 0.00141251 0.00139417 0.00139901 0.00139126 0.00139043 0.00138448
 0.00138641 0.00137838 0.00137869 0.00137109 0.00136998 0.00136945
 0.00136981 0.00136008 0.0013633  0.00136184 0.00135612 0.00135235
 0.00135435 0.00135355 0.00135433 0.00134623 0.00134766 0.00134639
 0.00134655 0.00134035 0.0013401  0.00134113 0.00134001 0.0013407
 0.00133293 0.00131771]
arr_y: [0.03114959 0.02971184 0.02381485 0.01999829 0.01803754 0.01569977
 0.01401799 0.01263166 0.01149508 0.01058291 0.01001924 0.00928891
 0.00870309 0.00810884 0.00764838 0.00721305 0.00694669 0.00658734
 0.00625223 0.00597793 0.00570268 0.00546307 0.00531205 0.00510159
 0.00491358 0.00472743 0.00456723 0.00440666 0.0043067  0.00416302
 0.00403231 0.00391183 0.00379269 0.00367863 0.00360951 0.00352154
 0.00343168 0.00333889 0.00325424 0.00317748 0.00313088 0.00305964
 0.00299512 0.00292324 0.00285087 0.00280464 0.00276532 0.00271303
 0.00265665 0.00261813 0.00257564 0.00252727 0.00251265 0.00246064
 0.00242179 0.00238719 0.00236334 0.00231687 0.0022931  0.0022643
 0.00224629 0.00220435 0.00218116 0.00215716 0.00212862 0.00211222
 0.00208632 0.00206715 0.00204596 0.00202769 0.00200704 0.00199502
 0.0019747  0.00195292 0.00194001 0.00192784 0.00190376 0.00189599
 0.00188276 0.00186846 0.00184404 0.00184121 0.00182984 0.00182278
 0.0017997  0.00180174 0.00178452 0.00177727 0.00177116 0.00176027
 0.001753   0.00174654 0.00174034 0.00171912 0.00171442 0.0017109
 0.00170265 0.0016961  0.00168502 0.0016746  0.00167397 0.00166888
 0.00166869 0.00165883 0.00165815 0.00164933 0.00164952 0.00164842
 0.00164816 0.00164461 0.00163916 0.00163985 0.00162909 0.00163018
 0.00163006 0.00163136 0.00163087 0.00161391 0.00162514 0.00162174
 0.00162132 0.00162971 0.00161411 0.00161224 0.00161487 0.00161198
 0.00160471 0.0015886 ]
